SuperchamberEta | Shift [strip(8)]
11 -5
12 -5
13 -5
14 -5
15 -5
16 -6
17 -6
18 -6
21 -4
22 -4
23 -4
24 -4
25 -4
26 -5
27 -5
28 -5
31 -5
32 -5
33 -5
34 -6
35 -6
36 -6
37 -7
38 -7
41 -3
42 -3
43 -4
44 -4
45 -4
46 -4
47 -4
48 -4
51 -5
52 -5
53 -5
54 -5
55 -5
56 -5
57 -6
58 -6
61 -2
62 -2
63 -2
64 -3
65 -3
66 -3
67 -3
68 -3
71 -2
72 -2
73 -2
74 -2
75 -3
76 -3
77 -3
78 -3
81 -2
82 -2
83 -2
84 -2
85 -2
86 -2
87 -2
88 -2
91 -1
92 0
93 0
94 0
95 0
96 0
97 0
98 0
101 1
102 1
103 1
104 2
105 2
106 2
107 2
108 2
111 1
112 1
113 1
114 1
115 1
116 1
117 1
118 1
121 2
122 2
123 2
124 2
125 2
126 2
127 2
128 2
131 2
132 3
133 3
134 3
135 3
136 3
137 3
138 3
141 4
142 4
143 4
144 4
145 4
146 4
147 4
148 4
151 1
152 1
153 2
154 2
155 3
156 3
157 4
158 4
161 2
162 3
163 3
164 3
165 4
166 4
167 5
168 5
171 3
172 3
173 4
174 4
175 4
176 5
177 5
178 5
181 5
182 5
183 5
184 6
185 6
186 6
187 6
188 6
191 4
192 4
193 5
194 5
195 6
196 6
197 6
198 6
201 3
202 3
203 3
204 3
205 4
206 4
207 4
208 4
211 4
212 4
213 5
214 5
215 5
216 5
217 6
218 6
221 3
222 3
223 3
224 3
225 3
226 4
227 4
228 4
231 3
232 3
233 3
234 3
235 4
236 4
237 4
238 4
241 2
242 2
243 2
244 2
245 3
246 3
247 3
248 4
251 2
252 2
253 2
254 3
255 3
256 3
257 3
258 3
261 1
262 1
263 1
264 1
265 1
266 1
267 1
268 2
271 0
272 0
273 0
274 1
275 1
276 1
277 1
278 1
281 -2
282 -2
283 -2
284 -3
285 -3
286 -3
287 -4
288 -4
291 -1
292 -1
293 -1
294 -1
295 -1
296 -1
297 -2
298 -2
301 -1
302 -2
303 -2
304 -2
305 -3
306 -3
307 -3
308 -3
311 -4
312 -4
313 -4
314 -4
315 -4
316 -4
317 -4
318 -4
321 -3
322 -4
323 -4
324 -4
325 -5
326 -5
327 -5
328 -6
331 -5
332 -5
333 -5
334 -5
335 -5
336 -5
337 -5
338 -5
341 -3
342 -3
343 -3
344 -3
345 -3
346 -3
347 -4
348 -5
351 -5
352 -5
353 -5
354 -5
355 -5
356 -6
357 -6
358 -6
361 -4
362 -4
363 -4
364 -5
365 -5
366 -5
367 -6
368 -6
