SuperchamberEta | Shift [strip(8)]
11 4
12 5
13 5
14 5
15 6
16 6
17 6
18 6
21 4
22 4
23 4
24 5
25 5
26 5
27 5
28 5
31 5
32 5
33 6
34 6
35 6
36 7
37 7
38 7
41 3
42 3
43 3
44 3
45 4
46 4
47 4
48 4
51 4
52 5
53 5
54 5
55 6
56 6
57 7
58 7
61 2
62 3
63 3
64 3
65 3
66 3
67 3
68 3
71 3
72 3
73 4
74 3
75 4
76 4
77 4
78 5
81 2
82 2
83 2
84 2
85 2
86 2
87 2
88 2
91 3
92 3
93 3
94 3
95 3
96 3
97 3
98 3
101 1
102 1
103 1
104 0
105 1
106 0
107 0
108 0
111 1
112 1
113 1
114 1
115 1
116 2
117 2
118 2
121 -2
122 -2
123 -2
124 -2
125 -2
126 -1
127 -1
128 -1
131 0
132 0
133 0
134 0
135 1
136 1
137 1
138 1
141 -2
142 -3
143 -3
144 -3
145 -3
146 -3
147 -4
148 -4
151 -2
152 -2
153 -2
154 -3
155 -3
156 -3
157 -4
158 -4
161 -4
162 -4
163 -4
164 -4
165 -4
166 -4
167 -4
168 -5
171 -2
172 -2
173 -3
174 -3
175 -3
176 -4
177 -4
178 -4
181 -4
182 -4
183 -4
184 -4
185 -5
186 -5
187 -5
188 -6
191 0
192 -1
193 -1
194 -1
195 -2
196 -2
197 -2
198 -2
201 -4
202 -4
203 -5
204 -5
205 -6
206 -6
207 -7
208 -8
211 -1
212 -1
213 -2
214 -2
215 -2
216 -3
217 -3
218 -3
221 -4
222 -4
223 -4
224 -4
225 -5
226 -5
227 -5
228 -6
231 -2
232 -2
233 -2
234 -3
235 -3
236 -3
237 -3
238 -3
241 -3
242 -3
243 -4
244 -4
245 -4
246 -5
247 -5
248 -6
251 -4
252 -4
253 -5
254 -5
255 -5
256 -5
257 -6
258 -6
261 -3
262 -3
263 -3
264 -3
265 -3
266 -3
267 -3
268 -3
271 -1
272 -1
273 -1
274 -1
275 -2
276 -2
277 -2
278 -2
281 -2
282 -2
283 -2
284 -2
285 -2
286 -2
287 -2
288 -2
291 1
292 1
293 1
294 0
295 0
296 0
297 0
298 0
301 -1
302 -1
303 0
304 0
305 0
306 0
307 0
308 0
311 2
312 3
313 3
314 3
315 3
316 3
317 3
318 3
321 1
322 1
323 1
324 2
325 2
326 3
327 3
328 3
331 4
332 4
333 4
334 4
335 5
336 5
337 5
338 6
341 3
342 3
343 3
344 3
345 4
346 4
347 4
348 4
351 5
352 6
353 6
354 7
355 7
356 7
357 7
358 8
361 4
362 4
363 4
364 4
365 5
366 5
367 4
368 5
